#wvl, abs cross section cm**2/molekul
201    4.426E-19
202    4.286E-19
203    4.016E-19
204    4.449E-19
205    4.554E-19
206    4.266E-19
207    4.242E-19
208    4.834E-19
209    4.864E-19
210    4.374E-19
211    4.417E-19
212    5.111E-19
213    5.336E-19
214    4.716E-19
215    4.409E-19
211    4.991E-19
217    5.334E-19
218    4.739E-19
219    4.208E-19
220    4.148E-19
221    4.929E-19
222    4.782E-19
223    3.860E-19
224    3.546E-19
225    3.377E-19
226    4.288E-19
227    3.854E-19
228    2.949E-19
229    2.626E-19
230    2.427E-19
231    2.973E-19
232    2.719E-19
233    2.379E-19
234    1.323E-19
235    1.515E-19
236    1.565E-19
237    1.564E-19
238    1.473E-19
239    1.043E-19
240    7.926E-20
241    4.086E-20
242    9.393E-20
243    8.686E-20
244    4.056E-20
245    4.675E-20
246    3.875E-20
247    2.433E-20
248    1.828E-20
249    3.586E-20
250    3.107E-20
251    2.040E-20
252    1.860E-20
253    1.833E-20
254    1.887E-20
255    1.972E-20
256    2.049E-20
257    2.013E-20
258    2.187E-20
259    2.120E-20
260    2.247E-20
261    2.287E-20
262    2.332E-20
263    2.630E-20
264    2.635E-20
265    2.778E-20
266    2.715E-20
267    2.877E-20
268    3.047E-20
269    3.476E-20
270    3.567E-20
271    3.532E-20
272    3.590E-20
273    4.051E-20
274    4.379E-20
275    4.464E-20
276    4.501E-20
277    4.662E-20
278    4.970E-20
279    5.477E-20
280    5.726E-20
281    5.963E-20
282    5.873E-20
283    5.907E-20
284    6.715E-20
285    7.189E-20
286    7.708E-20
287    7.417E-20
288    7.609E-20
289    8.041E-20
290    8.602E-20
291    9.032E-20
292    1.009E-19
293    9.942E-20
294    9.602E-20
295    1.037E-19
296    1.027E-19
297    1.240E-19
298    1.273E-19
299    1.228E-19
300    1.255E-19
301    1.229E-19
302    1.371E-19
303    1.492E-19
304    1.521E-19
305    1.566E-19
306    1.536E-19
307    1.645E-19
308    1.621E-19
309    1.783E-19
310    1.839E-19
311    1.888E-19
312    1.964E-19
313    1.998E-19
314    1.973E-19
315    2.167E-19
316    2.112E-19
317    2.258E-19
318    2.419E-19
319    2.343E-19
320    2.518E-19
321    2.463E-19
322    2.531E-19
323    2.667E-19
324    2.625E-19
325    2.756E-19
326    2.815E-19
327    2.812E-19
328    2.874E-19
329    2.990E-19
330    3.034E-19
331    3.008E-19
332    3.127E-19
333    3.520E-19
334    3.139E-19
335    3.352E-19
336    3.368E-19
337    3.340E-19
338    3.447E-19
339    3.820E-19
340    3.705E-19
341    4.022E-19
342    3.735E-19
343    3.541E-19
344    3.757E-19
345    3.867E-19
346    4.110E-19
347    4.164E-19
348    4.563E-19
349    4.265E-19
350    3.935E-19
351    4.318E-19
352    4.128E-19
353    3.923E-19
354    4.796E-19
355    4.707E-19
356    4.348E-19
357    5.059E-19
358    4.750E-19
359    4.318E-19
360    4.397E-19
361    4.868E-19
362    4.711E-19
363    4.740E-19
364    4.703E-19
365    5.404E-19
366    5.011E-19
367    4.924E-19
368    5.037E-19
369    4.920E-19
370    4.915E-19
371    4.863E-19
372    5.564E-19
373    5.147E-19
374    4.961E-19
375    5.119E-19
376    5.812E-19
377    5.261E-19
378    4.855E-19
379    5.234E-19
380    5.791E-19
381    5.493E-19
382    5.279E-19
383    5.130E-19
384    5.522E-19
385    5.603E-19
386    5.331E-19
387    5.432E-19
388    5.526E-19
389    5.658E-19
390    5.600E-19
391    5.576E-19
392    5.872E-19
393    5.287E-19
394    5.166E-19
395    5.515E-19
396    5.656E-19
397    5.156E-19
398    6.036E-19
399    5.487E-19
400    6.118E-19
401    5.980E-19
402    5.361E-19
403    5.016E-19
404    5.513E-19
405    5.888E-19
406    5.214E-19
407    4.639E-19
408    5.854E-19
409    5.919E-19
410    5.842E-19
411    5.600E-19
412    4.937E-19
413    6.160E-19
414    5.817E-19
415    5.312E-19
416    4.574E-19
417    4.767E-19
418    5.114E-19
419    5.215E-19
420    5.519E-19
421    5.545E-19
422    5.544E-19
423    5.462E-19
424    6.109E-19
425    5.860E-19
426    4.571E-19
427    5.323E-19
428    5.865E-19
429    4.764E-19
430    4.952E-19
431    5.891E-19
432    4.892E-19
433    4.950E-19
434    5.582E-19
435    6.560E-19
436    5.690E-19
437    4.646E-19
438    4.054E-19
439    6.333E-19
440    5.879E-19
441    4.303E-19
442    3.762E-19
443    4.103E-19
444    4.600E-19
445    6.115E-19
446    5.116E-19
447    4.194E-19
448    5.795E-19
449    5.836E-19
450    4.272E-19
451    4.454E-19
452    4.339E-19
453    4.563E-19
454    4.253E-19
455    4.134E-19
456    4.232E-19
457    3.753E-19
458    4.470E-19
459    4.695E-19
460    4.030E-19
461    4.627E-19
462    4.123E-19
463    3.923E-19
464    5.361E-19
465    4.267E-19
466    3.224E-19
467    3.437E-19
468    4.160E-19
469    3.672E-19
470    3.276E-19
471    3.235E-19
472    3.208E-19
473    3.285E-19
474    4.012E-19
475    4.466E-19
476    3.668E-19
477    3.345E-19
478    3.202E-19
479    3.438E-19
480    3.823E-19
481    3.383E-19
482    3.430E-19
483    2.755E-19
484    2.493E-19
485    2.738E-19
486    2.865E-19
487    2.674E-19
488    2.677E-19
489    4.136E-19
490    3.307E-19
491    2.433E-19
492    2.341E-19
493    2.618E-19
494    3.113E-19
495    3.236E-19
496    3.189E-19
497    3.154E-19
498    2.230E-19
499    1.785E-19
500    1.570E-19
501    1.796E-19
502    2.006E-19
503    2.558E-19
504    2.265E-19
505    3.124E-19
506    2.434E-19
507    2.141E-19
508    1.966E-19
509    2.389E-19
510    2.623E-19
511    2.455E-19
512    2.285E-19
513    2.175E-19
514    1.805E-19
515    1.675E-19
516    1.527E-19
517    1.367E-19
518    1.570E-19
519    1.915E-19
520    1.893E-19
521    1.634E-19
522    1.461E-19
523    1.564E-19
524    1.442E-19
525    1.878E-19
526    2.206E-19
527    1.926E-19
528    1.777E-19
529    1.584E-19
530    1.472E-19
531    1.395E-19
532    1.472E-19
533    1.423E-19
534    1.189E-19
535    9.642E-20
536    8.021E-20
537    7.920E-20
538    9.640E-20
539    1.162E-19
540    9.397E-20
541    8.240E-20
542    1.248E-19
543    1.377E-19
544    1.235E-19
545    1.306E-19
546    1.162E-19
547    1.044E-19
548    1.245E-19
549    1.233E-19
550    9.926E-20
551    8.346E-20
552    8.648E-20
553    1.006E-19
554    8.700E-20
555    6.805E-20
556    5.509E-20
557    5.761E-20
558    5.847E-20
559    4.725E-20
560    4.924E-20
561    5.791E-20
562    6.438E-20
563    8.352E-20
564    1.065E-19
565    9.729E-20
566    6.233E-20
567    5.363E-20
568    7.278E-20
569    6.562E-20
570    7.432E-20
571    9.276E-20
572    8.609E-20
573    6.430E-20
574    4.905E-20
575    4.167E-20
576    3.109E-20
577    2.853E-20
578    3.440E-20
579    5.020E-20
580    4.816E-20
581    3.543E-20
582    2.986E-20
583    3.063E-20
584    3.481E-20
585    5.007E-20
586    4.943E-20
587    4.330E-20
588    3.507E-20
589    3.867E-20
590    5.089E-20
591    5.191E-20
592    6.595E-20
593    6.225E-20
594    3.979E-20
595    2.768E-20
596    2.426E-20
597    2.658E-20
598    2.770E-20
599    3.282E-20
600    4.123E-20
601    4.080E-20
602    3.430E-20
603    2.203E-20
604    1.423E-20
605    1.471E-20
606    1.492E-20
607    1.524E-20
608    1.712E-20
609    1.647E-20
610    1.653E-20
611    2.432E-20
612    3.974E-20
613    4.005E-20
614    3.026E-20
615    2.444E-20
616    3.063E-20
617    3.544E-20
618    2.652E-20
619    1.946E-20
620    2.653E-20
621    2.669E-20
622    1.766E-20
623    1.920E-20
624    1.320E-20
625    1.886E-20
626    1.621E-20
627    1.407E-20
628    1.126E-20
629    1.120E-20
630    8.532E-21
631    1.032E-20
632    1.121E-20
633    1.007E-20
634    1.232E-20
635    1.090E-20
636    1.192E-20
637    1.225E-20
638    1.283E-20
639    1.140E-20
640    1.260E-20
641    1.314E-20
642    1.659E-20
643    1.794E-20
644    1.361E-20
645    1.310E-20
646    1.661E-20
647    2.271E-20
648    1.733E-20
649    9.153E-21
650    9.774E-21
651    1.078E-20
652    1.031E-20
653    9.068E-21
654    8.148E-21
655    8.179E-21
656    8.358E-21
657    6.347E-21
658    5.151E-21
659    5.527E-21
660    5.754E-21
661    4.052E-21
662    2.931E-21
663    2.981E-21
664    3.003E-21
665    4.634E-21
666    6.384E-21
667    7.305E-21
668    8.450E-21
669    8.190E-21
670    9.632E-21
671    7.779E-21
672    8.179E-21
673    9.376E-21
674    9.443E-21
675    7.517E-21
676    7.966E-21
677    8.482E-21
678    6.073E-21
679    5.728E-21
680    5.595E-21
681    5.003E-21
682    4.559E-21
683    3.689E-21
684    3.546E-21
685    4.317E-21
686    5.961E-21
687    3.460E-21
688    2.455E-21
689    2.047E-21
690    2.789E-21
691    1.854E-21
692    2.481E-21
693    1.194E-21
694    1.878E-21
695    2.209E-21
