# jday tsi_1auinstrument_accuracy_1au instrument_precision_1au solar_standard_deviation_1au measurement_uncertainty_1au tsi_true_earth instrument_accuracy_true_earth instrument_precision_true_earth solar_standard_deviation_true_earth measurement_uncertainty_true_earth avg_measurement_date std_dev_measurement_date
# EPOCH_J2000_0+12hWm-2 Wm-2 Wm-2 Wm-2 Wm-2 Wm-2 Wm-2 Wm-2 Wm-2 Wm-2 sorce_julian_date days
0.000000000000000000e+00 0.000000000000000000e+00 0.000000000000000000e+00 0.000000000000000000e+00 0.000000000000000000e+00 0.000000000000000000e+00 0.000000000000000000e+00 0.000000000000000000e+00 0.000000000000000000e+00 0.000000000000000000e+00 0.000000000000000000e+00 0.000000000000000000e+00 0.000000000000000000e+00
5.215500000000000000e+03 1.361655700000000024e+03 5.767999999999999794e-01 6.799999999999999621e-03 9.805999999999999439e-02 5.850999999999999535e-01 1.363539600000000064e+03 5.776000000000000023e-01 6.799999999999999621e-03 3.045999999999999819e-01 6.530000000000000249e-01 2.456748972122999839e+06 2.788999999999999813e-01
5.203000000000000000e+03 1.361655700000000024e+03 5.767999999999999794e-01 6.799999999999999621e-03 9.805999999999999439e-02 5.850999999999999535e-01 1.363539600000000064e+03 5.776000000000000023e-01 6.799999999999999621e-03 3.045999999999999819e-01 6.530000000000000249e-01 2.456748972122999839e+06 2.788999999999999813e-01
5.204000000000000000e+03 1.361526000000000067e+03 5.766999999999999904e-01 6.799999999999999621e-03 8.268000000000000349e-02 5.826000000000000068e-01 1.362682299999999941e+03 5.772000000000000464e-01 6.799999999999999621e-03 3.194000000000000172e-01 6.596999999999999531e-01 2.456749910589000210e+06 3.190000000000000058e-01
5.205000000000000000e+03 1.361278499999999894e+03 5.766000000000000014e-01 6.799999999999999621e-03 7.104000000000000592e-02 5.809999999999999609e-01 1.361645500000000084e+03 5.767999999999999794e-01 6.799999999999999621e-03 2.932000000000000162e-01 6.470000000000000195e-01 2.456750933575000148e+06 3.044000000000000039e-01
5.206000000000000000e+03 1.361166799999999967e+03 5.766000000000000014e-01 6.799999999999999621e-03 4.800000000000000100e-02 5.786000000000000032e-01 1.360683600000000069e+03 5.764000000000000234e-01 6.799999999999999621e-03 2.429999999999999938e-01 6.254999999999999449e-01 2.456752040798999835e+06 3.125999999999999890e-01
5.207000000000000000e+03 1.361362300000000005e+03 5.766999999999999904e-01 6.799999999999999621e-03 8.944000000000000561e-02 5.836000000000000076e-01 1.360148699999999963e+03 5.762000000000000455e-01 6.799999999999999621e-03 1.502999999999999892e-01 5.954000000000000403e-01 2.456752995422000065e+06 2.943000000000000060e-01
5.208000000000000000e+03 1.361550099999999929e+03 5.767999999999999794e-01 6.799999999999999621e-03 7.377999999999999836e-02 5.815000000000000169e-01 1.359620400000000018e+03 5.758999999999999675e-01 6.799999999999999621e-03 1.836000000000000132e-01 6.045000000000000373e-01 2.456753934100999963e+06 3.024999999999999911e-01
5.209000000000000000e+03 1.361673199999999952e+03 5.767999999999999794e-01 6.799999999999999621e-03 5.399000000000000327e-02 5.793000000000000371e-01 1.358932199999999966e+03 5.756000000000000005e-01 6.799999999999999621e-03 2.412999999999999867e-01 6.241999999999999771e-01 2.456755000212999992e+06 3.134000000000000119e-01
5.210000000000000000e+03 1.361634399999999914e+03 5.767999999999999794e-01 6.799999999999999621e-03 4.911000000000000087e-02 5.788999999999999702e-01 1.358238000000000056e+03 5.753000000000000336e-01 6.799999999999999621e-03 2.245000000000000051e-01 6.176000000000000378e-01 2.456755863524999935e+06 2.987000000000000210e-01
5.211000000000000000e+03 1.361717699999999923e+03 5.769999999999999574e-01 6.799999999999999621e-03 4.782000000000000139e-02 5.788999999999999702e-01 1.357561300000000074e+03 5.752000000000000446e-01 6.799999999999999621e-03 2.273000000000000020e-01 6.185000000000000497e-01 2.456756865687000100e+06 3.197999999999999732e-01
5.212000000000000000e+03 1.361801999999999907e+03 5.769999999999999574e-01 6.799999999999999621e-03 4.580000000000000043e-02 5.787999999999999812e-01 1.356873700000000099e+03 5.748999999999999666e-01 6.799999999999999621e-03 1.988000000000000045e-01 6.082999999999999519e-01 2.456757884438999929e+06 2.656999999999999917e-01
5.213000000000000000e+03 1.361671800000000076e+03 5.768999999999999684e-01 6.799999999999999621e-03 6.395000000000000684e-02 5.805000000000000160e-01 1.355927400000000034e+03 5.745000000000000107e-01 6.799999999999999621e-03 2.366999999999999937e-01 6.212999999999999634e-01 2.456758963541000150e+06 2.459999999999999964e-01
5.934000000000000000e+03 1.361010999999999967e+03 5.843000000000000416e-01 6.799999999999999621e-03 4.816999999999999754e-02 5.863000000000000433e-01 1.362471399999999903e+03 5.848999999999999755e-01 6.799999999999999621e-03 2.197000000000000064e-01 6.248000000000000220e-01 2.457480056878000032e+06 2.781000000000000139e-01
6.180000000000000000e+03 1.360805100000000039e+03 5.980999999999999650e-01 6.799999999999999621e-03 5.696999999999999981e-02 6.008000000000000007e-01 1.400602499999999964e+03 6.156000000000000361e-01 6.799999999999999621e-03 1.170000000000000068e-01 6.266000000000000458e-01 2.457725954741000198e+06 2.883000000000000007e-01
5.179000000000000000e+03 1.361955500000000029e+03 5.766999999999999904e-01 6.799999999999999621e-03 6.832000000000000572e-02 5.806999999999999940e-01 1.382223500000000058e+03 5.852000000000000535e-01 6.799999999999999621e-03 2.590000000000000080e-01 6.400000000000000133e-01 2.456725021976000164e+06 2.977000000000000202e-01
5.180000000000000000e+03 1.361783799999999928e+03 5.766000000000000014e-01 6.799999999999999621e-03 7.414999999999999369e-02 5.813000000000000389e-01 1.381393800000000056e+03 5.848999999999999755e-01 6.799999999999999621e-03 2.615999999999999992e-01 6.407000000000000473e-01 2.456725948123999871e+06 2.821000000000000174e-01
5.181000000000000000e+03 1.361610100000000102e+03 5.765000000000000124e-01 6.799999999999999621e-03 8.243999999999999939e-02 5.824000000000000288e-01 1.380534699999999930e+03 5.845000000000000195e-01 6.799999999999999621e-03 2.260000000000000064e-01 6.267000000000000348e-01 2.456726905869999900e+06 2.273000000000000020e-01
5.182000000000000000e+03 1.361377099999999928e+03 5.764000000000000234e-01 6.799999999999999621e-03 6.729000000000000259e-02 5.803000000000000380e-01 1.379555499999999938e+03 5.840999999999999526e-01 6.799999999999999621e-03 2.404999999999999916e-01 6.317000000000000393e-01 2.456727938982000109e+06 2.626999999999999891e-01
5.183000000000000000e+03 1.361252099999999928e+03 5.765000000000000124e-01 6.799999999999999621e-03 5.689999999999999919e-02 5.793000000000000371e-01 1.378780600000000049e+03 5.838999999999999746e-01 6.799999999999999621e-03 2.457000000000000017e-01 6.334999999999999520e-01 2.456728832651000004e+06 3.120999999999999885e-01
5.184000000000000000e+03 1.361251999999999953e+03 5.765000000000000124e-01 6.799999999999999621e-03 5.802000000000000213e-02 5.794000000000000261e-01 1.377942900000000009e+03 5.836000000000000076e-01 6.799999999999999621e-03 1.839000000000000079e-01 6.118000000000000105e-01 2.456729976648000069e+06 2.695000000000000173e-01
5.185000000000000000e+03 1.361377799999999979e+03 5.765000000000000124e-01 6.799999999999999621e-03 6.144999999999999768e-02 5.797999999999999821e-01 1.377387099999999919e+03 5.833000000000000407e-01 6.799999999999999621e-03 1.691999999999999893e-01 6.074000000000000510e-01 2.456730900481999852e+06 2.538000000000000256e-01
5.186000000000000000e+03 1.361535900000000083e+03 5.766000000000000014e-01 6.799999999999999621e-03 6.940000000000000335e-02 5.807999999999999829e-01 1.376763300000000072e+03 5.830999999999999517e-01 6.799999999999999621e-03 1.927999999999999992e-01 6.140999999999999792e-01 2.456731950155000202e+06 3.120999999999999885e-01
5.187000000000000000e+03 1.361605000000000018e+03 5.766000000000000014e-01 6.799999999999999621e-03 5.011999999999999789e-02 5.787999999999999812e-01 1.376100100000000111e+03 5.827999999999999847e-01 6.799999999999999621e-03 2.338000000000000078e-01 6.279000000000000137e-01 2.456732922493000049e+06 3.197999999999999732e-01
5.188000000000000000e+03 1.361635700000000043e+03 5.766999999999999904e-01 6.799999999999999621e-03 9.292999999999999872e-02 5.840999999999999526e-01 1.375421299999999974e+03 5.825000000000000178e-01 6.799999999999999621e-03 1.552999999999999936e-01 6.028000000000000025e-01 2.456733855814000126e+06 2.868999999999999884e-01
5.189000000000000000e+03 1.361765599999999949e+03 5.766999999999999904e-01 6.799999999999999621e-03 4.954999999999999682e-02 5.787999999999999812e-01 1.374739199999999983e+03 5.822000000000000508e-01 6.799999999999999621e-03 2.144000000000000072e-01 6.203999999999999515e-01 2.456734915498000104e+06 2.587999999999999745e-01
5.190000000000000000e+03 1.361773899999999912e+03 5.766999999999999904e-01 6.799999999999999621e-03 4.712000000000000216e-02 5.786000000000000032e-01 1.374057099999999991e+03 5.818999999999999728e-01 6.799999999999999621e-03 2.978000000000000091e-01 6.536999999999999478e-01 2.456735807502000127e+06 3.493999999999999884e-01
5.191000000000000000e+03 1.361614600000000110e+03 5.766000000000000014e-01 6.799999999999999621e-03 3.524000000000000049e-02 5.776999999999999913e-01 1.372681800000000067e+03 5.813000000000000389e-01 6.799999999999999621e-03 7.802000000000000601e-02 5.865000000000000213e-01 2.456737362846999895e+06 8.500000000000000611e-02
5.192000000000000000e+03 1.361675600000000031e+03 5.766999999999999904e-01 6.799999999999999621e-03 5.748000000000000331e-02 5.795000000000000151e-01 1.372267399999999952e+03 5.812000000000000499e-01 6.799999999999999621e-03 2.061999999999999944e-01 6.166000000000000369e-01 2.456737967445999850e+06 2.822999999999999954e-01
5.193000000000000000e+03 1.361607899999999972e+03 5.766000000000000014e-01 6.799999999999999621e-03 4.320999999999999841e-02 5.783000000000000362e-01 1.371357500000000073e+03 5.807999999999999829e-01 6.799999999999999621e-03 2.376000000000000056e-01 6.274999999999999467e-01 2.456739032403999940e+06 2.859999999999999765e-01
5.194000000000000000e+03 1.361597600000000057e+03 5.766000000000000014e-01 6.799999999999999621e-03 6.837000000000000022e-02 5.806999999999999940e-01 1.370581899999999905e+03 5.804000000000000270e-01 6.799999999999999621e-03 2.634000000000000230e-01 6.373999999999999666e-01 2.456739996425000019e+06 2.607999999999999763e-01
5.195000000000000000e+03 1.361554699999999912e+03 5.766000000000000014e-01 6.799999999999999621e-03 5.752000000000000168e-02 5.795000000000000151e-01 1.369829799999999977e+03 5.800999999999999490e-01 6.799999999999999621e-03 2.184999999999999998e-01 6.199000000000000066e-01 2.456740887172000017e+06 2.646000000000000019e-01
5.196000000000000000e+03 1.361626600000000053e+03 5.766000000000000014e-01 6.799999999999999621e-03 8.958000000000000684e-02 5.836000000000000076e-01 1.369035399999999981e+03 5.797999999999999821e-01 6.799999999999999621e-03 1.925000000000000044e-01 6.108999999999999986e-01 2.456741974599000067e+06 3.265000000000000124e-01
5.197000000000000000e+03 1.361861599999999953e+03 5.768999999999999684e-01 6.799999999999999621e-03 5.199000000000000149e-02 5.792000000000000481e-01 1.368510099999999966e+03 5.796999999999999931e-01 6.799999999999999621e-03 2.200000000000000011e-01 6.200999999999999845e-01 2.456742929785999935e+06 3.136999999999999789e-01
5.198000000000000000e+03 1.361955999999999904e+03 5.768999999999999684e-01 6.799999999999999621e-03 4.073000000000000231e-02 5.784000000000000252e-01 1.367850100000000111e+03 5.794000000000000261e-01 6.799999999999999621e-03 2.199000000000000121e-01 6.198000000000000176e-01 2.456743877754999790e+06 2.687999999999999834e-01
5.199000000000000000e+03 1.362001199999999926e+03 5.768999999999999684e-01 6.799999999999999621e-03 5.759999999999999842e-02 5.797999999999999821e-01 1.367020999999999958e+03 5.790999999999999481e-01 6.799999999999999621e-03 2.429999999999999938e-01 6.280000000000000027e-01 2.456744979055000003e+06 3.086999999999999744e-01
5.200000000000000000e+03 1.362050700000000006e+03 5.769999999999999574e-01 6.799999999999999621e-03 5.050999999999999934e-02 5.792000000000000481e-01 1.366289099999999962e+03 5.787999999999999812e-01 6.799999999999999621e-03 2.924999999999999822e-01 6.484999999999999654e-01 2.456745967250999995e+06 3.462000000000000077e-01
5.201000000000000000e+03 1.362059199999999919e+03 5.769999999999999574e-01 6.799999999999999621e-03 5.573000000000000176e-02 5.796999999999999931e-01 1.365503600000000006e+03 5.784000000000000252e-01 6.799999999999999621e-03 2.514000000000000123e-01 6.307000000000000384e-01 2.456746975653999951e+06 3.039999999999999925e-01
5.202000000000000000e+03 1.361947100000000091e+03 5.768999999999999684e-01 6.799999999999999621e-03 7.953000000000000347e-02 5.824000000000000288e-01 1.364591899999999896e+03 5.779999999999999583e-01 6.799999999999999621e-03 3.270000000000000129e-01 6.641000000000000236e-01 2.456747996226999909e+06 3.408999999999999808e-01
5.214000000000000000e+03 1.361536100000000033e+03 5.768999999999999684e-01 6.799999999999999621e-03 5.496999999999999803e-02 5.795000000000000151e-01 1.355060999999999922e+03 5.741000000000000547e-01 6.799999999999999621e-03 2.988999999999999990e-01 6.472999999999999865e-01 2.456759929994000122e+06 3.476000000000000201e-01
5.779000000000000000e+03 1.361377700000000004e+03 5.826999999999999957e-01 6.799999999999999621e-03 5.548000000000000154e-02 5.853000000000000425e-01 1.379785699999999906e+03 5.905000000000000249e-01 6.799999999999999621e-03 1.796000000000000096e-01 6.172999999999999599e-01 2.457325068262000103e+06 2.748999999999999777e-01
5.780000000000000000e+03 1.361168200000000070e+03 5.826000000000000068e-01 6.799999999999999621e-03 1.130000000000000032e-01 5.934000000000000385e-01 1.380212999999999965e+03 5.907000000000000028e-01 6.799999999999999621e-03 1.383999999999999952e-01 6.067000000000000171e-01 2.457325951107000001e+06 3.085999999999999854e-01
5.781000000000000000e+03 1.360879699999999957e+03 5.825000000000000178e-01 6.799999999999999621e-03 1.213000000000000050e-01 5.949999999999999734e-01 1.380630200000000059e+03 5.908999999999999808e-01 6.799999999999999621e-03 9.957000000000000572e-02 5.991999999999999549e-01 2.457326941207999829e+06 2.674000000000000266e-01
5.782000000000000000e+03 1.360613399999999956e+03 5.823000000000000398e-01 6.799999999999999621e-03 9.429999999999999494e-02 5.898999999999999799e-01 1.381065900000000056e+03 5.910999999999999588e-01 6.799999999999999621e-03 1.275000000000000022e-01 6.047000000000000153e-01 2.457327936670999974e+06 2.852999999999999980e-01
5.783000000000000000e+03 1.360390499999999975e+03 5.822000000000000508e-01 6.799999999999999621e-03 5.140999999999999737e-02 5.845000000000000195e-01 1.381566000000000031e+03 5.913000000000000478e-01 6.799999999999999621e-03 1.875999999999999890e-01 6.202999999999999625e-01 2.457328971597000025e+06 3.033000000000000140e-01
5.784000000000000000e+03 1.360404800000000023e+03 5.823000000000000398e-01 6.799999999999999621e-03 6.311999999999999555e-02 5.856999999999999984e-01 1.382249700000000075e+03 5.916000000000000147e-01 6.799999999999999621e-03 2.610000000000000098e-01 6.465999999999999526e-01 2.457329934001000132e+06 3.106999999999999762e-01
5.785000000000000000e+03 1.360699499999999944e+03 5.825000000000000178e-01 6.799999999999999621e-03 1.298999999999999877e-01 5.967999999999999972e-01 1.383288199999999961e+03 5.921999999999999487e-01 6.799999999999999621e-03 3.338999999999999746e-01 6.798999999999999488e-01 2.457331005801000167e+06 3.058000000000000163e-01
5.786000000000000000e+03 1.360917699999999968e+03 5.826000000000000068e-01 6.799999999999999621e-03 8.214000000000000468e-02 5.884000000000000341e-01 1.384208699999999908e+03 5.926000000000000156e-01 6.799999999999999621e-03 2.641000000000000014e-01 6.488000000000000433e-01 2.457332027352000121e+06 2.823999999999999844e-01
5.787000000000000000e+03 1.361095499999999902e+03 5.826999999999999957e-01 6.799999999999999621e-03 8.350000000000000477e-02 5.886000000000000121e-01 1.385032400000000052e+03 5.928999999999999826e-01 6.799999999999999621e-03 2.736999999999999988e-01 6.530000000000000249e-01 2.457332974388999864e+06 3.059999999999999942e-01
5.788000000000000000e+03 1.361267000000000053e+03 5.827999999999999847e-01 6.799999999999999621e-03 5.804000000000000131e-02 5.856000000000000094e-01 1.385869500000000016e+03 5.933000000000000496e-01 6.799999999999999621e-03 2.220000000000000029e-01 6.334999999999999520e-01 2.457333956861000042e+06 2.767999999999999905e-01
5.789000000000000000e+03 1.361330400000000054e+03 5.827999999999999847e-01 6.799999999999999621e-03 5.673999999999999877e-02 5.855000000000000204e-01 1.386633299999999963e+03 5.936000000000000165e-01 6.799999999999999621e-03 2.210999999999999910e-01 6.334999999999999520e-01 2.457335000626000110e+06 2.998999999999999999e-01
5.790000000000000000e+03 1.361363599999999906e+03 5.827999999999999847e-01 6.799999999999999621e-03 4.970999999999999724e-02 5.848999999999999755e-01 1.387334499999999935e+03 5.938999999999999835e-01 6.799999999999999621e-03 1.781999999999999973e-01 6.200999999999999845e-01 2.457336003448000178e+06 2.927000000000000157e-01
5.791000000000000000e+03 1.361334399999999960e+03 5.827999999999999847e-01 6.799999999999999621e-03 5.469999999999999862e-02 5.853000000000000425e-01 1.387945300000000088e+03 5.941999999999999504e-01 6.799999999999999621e-03 2.046000000000000041e-01 6.283999999999999586e-01 2.457336971932999790e+06 2.923000000000000043e-01
5.792000000000000000e+03 1.361333300000000008e+03 5.827999999999999847e-01 6.799999999999999621e-03 5.362000000000000099e-02 5.852000000000000535e-01 1.388533799999999928e+03 5.944000000000000394e-01 6.799999999999999621e-03 2.076999999999999957e-01 6.297000000000000375e-01 2.457337868662999943e+06 2.786000000000000143e-01
5.793000000000000000e+03 1.361426300000000083e+03 5.827999999999999847e-01 6.799999999999999621e-03 5.433999999999999941e-02 5.854000000000000314e-01 1.389320699999999988e+03 5.947999999999999954e-01 6.799999999999999621e-03 2.267000000000000126e-01 6.364999999999999547e-01 2.457338927900000010e+06 2.898000000000000020e-01
5.794000000000000000e+03 1.361615399999999909e+03 5.828999999999999737e-01 6.799999999999999621e-03 8.264000000000000512e-02 5.887000000000000011e-01 1.390193899999999985e+03 5.950999999999999623e-01 6.799999999999999621e-03 2.685000000000000164e-01 6.529000000000000359e-01 2.457339976023999974e+06 2.949999999999999845e-01
5.795000000000000000e+03 1.361832499999999982e+03 5.829999999999999627e-01 6.799999999999999621e-03 7.255999999999999950e-02 5.875000000000000222e-01 1.391057199999999966e+03 5.955000000000000293e-01 6.799999999999999621e-03 2.416000000000000092e-01 6.427000000000000490e-01 2.457340972207999788e+06 2.874999999999999778e-01
5.796000000000000000e+03 1.361901499999999942e+03 5.829999999999999627e-01 6.799999999999999621e-03 4.657000000000000028e-02 5.848999999999999755e-01 1.391769900000000007e+03 5.957999999999999963e-01 6.799999999999999621e-03 1.958000000000000018e-01 6.271999999999999797e-01 2.457341977374000009e+06 2.672999999999999821e-01
5.797000000000000000e+03 1.361892900000000054e+03 5.832000000000000517e-01 6.799999999999999621e-03 4.700000000000000011e-02 5.850999999999999535e-01 1.392441399999999931e+03 5.961999999999999522e-01 6.799999999999999621e-03 1.915000000000000036e-01 6.261999999999999789e-01 2.457343052356000058e+06 3.088000000000000189e-01
5.798000000000000000e+03 1.361779099999999971e+03 5.830999999999999517e-01 6.799999999999999621e-03 6.555999999999999328e-02 5.867999999999999883e-01 1.392910200000000032e+03 5.964000000000000412e-01 6.799999999999999621e-03 1.474000000000000032e-01 6.143999999999999462e-01 2.457343987069999799e+06 3.032000000000000250e-01
5.799000000000000000e+03 1.361715400000000045e+03 5.830999999999999517e-01 6.799999999999999621e-03 5.818999999999999867e-02 5.859999999999999654e-01 1.393435799999999972e+03 5.967000000000000082e-01 6.799999999999999621e-03 1.721999999999999920e-01 6.209999999999999964e-01 2.457344941482000053e+06 2.940999999999999726e-01
5.800000000000000000e+03 1.361687500000000000e+03 5.830999999999999517e-01 6.799999999999999621e-03 5.822999999999999704e-02 5.859999999999999654e-01 1.394062599999999975e+03 5.968999999999999861e-01 6.799999999999999621e-03 1.945000000000000062e-01 6.278000000000000247e-01 2.457346015275999904e+06 2.993000000000000105e-01
5.801000000000000000e+03 1.361765499999999975e+03 5.830999999999999517e-01 6.799999999999999621e-03 5.086000000000000243e-02 5.853000000000000425e-01 1.394727000000000089e+03 5.971999999999999531e-01 6.799999999999999621e-03 2.008999999999999952e-01 6.300999999999999934e-01 2.457346988626000006e+06 2.949999999999999845e-01
5.802000000000000000e+03 1.361722199999999930e+03 5.830999999999999517e-01 6.799999999999999621e-03 4.923000000000000292e-02 5.852000000000000535e-01 1.395258900000000040e+03 5.974000000000000421e-01 6.799999999999999621e-03 1.502000000000000002e-01 6.159999999999999920e-01 2.457347965247999877e+06 2.590999999999999970e-01
5.803000000000000000e+03 1.361693099999999959e+03 5.830999999999999517e-01 6.799999999999999621e-03 4.655999999999999722e-02 5.848999999999999755e-01 1.395810199999999895e+03 5.977000000000000091e-01 6.799999999999999621e-03 1.799999999999999933e-01 6.241999999999999771e-01 2.457348970470999833e+06 2.792999999999999927e-01
5.804000000000000000e+03 1.361708100000000059e+03 5.830999999999999517e-01 6.799999999999999621e-03 5.702000000000000124e-02 5.858999999999999764e-01 1.396430599999999913e+03 5.979999999999999760e-01 6.799999999999999621e-03 1.342000000000000137e-01 6.128000000000000114e-01 2.457350042421999853e+06 3.125000000000000000e-01
5.805000000000000000e+03 1.361575800000000072e+03 5.829999999999999627e-01 6.799999999999999621e-03 6.890999999999999903e-02 5.870999999999999552e-01 1.396840200000000095e+03 5.980999999999999650e-01 6.799999999999999621e-03 1.203999999999999931e-01 6.100999999999999757e-01 2.457351033745000139e+06 3.019999999999999907e-01
5.806000000000000000e+03 1.361429699999999912e+03 5.829999999999999627e-01 6.799999999999999621e-03 6.755999999999999506e-02 5.868999999999999773e-01 1.397200100000000020e+03 5.983000000000000540e-01 6.799999999999999621e-03 1.277999999999999969e-01 6.118000000000000105e-01 2.457351985150999855e+06 3.057000000000000273e-01
5.807000000000000000e+03 1.361373399999999947e+03 5.828999999999999737e-01 6.799999999999999621e-03 4.929999999999999660e-02 5.849999999999999645e-01 1.397657500000000027e+03 5.985000000000000320e-01 6.799999999999999621e-03 1.386000000000000010e-01 6.142999999999999572e-01 2.457352973307999782e+06 2.833999999999999853e-01
5.808000000000000000e+03 1.361295200000000023e+03 5.828999999999999737e-01 6.799999999999999621e-03 4.603999999999999759e-02 5.846999999999999975e-01 1.398054399999999987e+03 5.986000000000000210e-01 6.799999999999999621e-03 1.615000000000000047e-01 6.199999999999999956e-01 2.457353915275999811e+06 3.054999999999999938e-01
5.809000000000000000e+03 1.361262999999999920e+03 5.828999999999999737e-01 6.799999999999999621e-03 5.797000000000000069e-02 5.857999999999999874e-01 1.398514599999999973e+03 5.987999999999999989e-01 6.799999999999999621e-03 1.391000000000000014e-01 6.148000000000000131e-01 2.457354917322000023e+06 2.818999999999999839e-01
5.810000000000000000e+03 1.361267599999999902e+03 5.829999999999999627e-01 6.799999999999999621e-03 5.367999999999999855e-02 5.855000000000000204e-01 1.399042400000000043e+03 5.991999999999999549e-01 6.799999999999999621e-03 1.358000000000000040e-01 6.143999999999999462e-01 2.457356014859000221e+06 3.325000000000000178e-01
5.945000000000000000e+03 1.360243699999999990e+03 5.840999999999999526e-01 6.799999999999999621e-03 4.848000000000000226e-02 5.860999999999999543e-01 1.353243600000000015e+03 5.810999999999999499e-01 6.799999999999999621e-03 2.328000000000000069e-01 6.260000000000000009e-01 2.457490926913000178e+06 2.768999999999999795e-01
5.946000000000000000e+03 1.360213199999999915e+03 5.840999999999999526e-01 6.799999999999999621e-03 4.592000000000000248e-02 5.858999999999999764e-01 1.352463799999999992e+03 5.806999999999999940e-01 6.799999999999999621e-03 1.980000000000000093e-01 6.136000000000000343e-01 2.457491930304999929e+06 2.670000000000000151e-01
5.947000000000000000e+03 1.360214799999999968e+03 5.840999999999999526e-01 6.799999999999999621e-03 5.653999999999999998e-02 5.867999999999999883e-01 1.351681100000000015e+03 5.804000000000000270e-01 6.799999999999999621e-03 1.935999999999999943e-01 6.118999999999999995e-01 2.457492985621000174e+06 2.913999999999999924e-01
5.948000000000000000e+03 1.360345700000000079e+03 5.840999999999999526e-01 6.799999999999999621e-03 7.392999999999999572e-02 5.887999999999999901e-01 1.351076499999999896e+03 5.802000000000000490e-01 6.799999999999999621e-03 1.622999999999999998e-01 6.024000000000000465e-01 2.457493978294999804e+06 2.772999999999999909e-01
5.950000000000000000e+03 1.360875500000000102e+03 5.844000000000000306e-01 6.799999999999999621e-03 9.382999999999999674e-02 5.917999999999999927e-01 1.350113399999999956e+03 5.796999999999999931e-01 6.799999999999999621e-03 1.461999999999999966e-01 5.978999999999999870e-01 2.457495999363999814e+06 2.914999999999999813e-01
5.949000000000000000e+03 1.360568999999999960e+03 5.842000000000000526e-01 6.799999999999999621e-03 1.055999999999999994e-01 5.937000000000000055e-01 1.350575399999999945e+03 5.798999999999999710e-01 6.799999999999999621e-03 1.345000000000000084e-01 5.953000000000000513e-01 2.457494958021999802e+06 2.952000000000000179e-01
5.951000000000000000e+03 1.361090099999999893e+03 5.845000000000000195e-01 6.799999999999999621e-03 7.081999999999999407e-02 5.887000000000000011e-01 1.349605099999999993e+03 5.795000000000000151e-01 6.799999999999999621e-03 1.729999999999999871e-01 6.048000000000000043e-01 2.457496981879999861e+06 2.979999999999999871e-01
5.952000000000000000e+03 1.361157099999999900e+03 5.845000000000000195e-01 6.799999999999999621e-03 5.138000000000000206e-02 5.866999999999999993e-01 1.348957499999999982e+03 5.792000000000000481e-01 6.799999999999999621e-03 2.111999999999999988e-01 6.166000000000000369e-01 2.457497956623000093e+06 2.813999999999999835e-01
5.954000000000000000e+03 1.360977100000000064e+03 5.844000000000000306e-01 6.799999999999999621e-03 4.834000000000000102e-02 5.864000000000000323e-01 1.347311599999999999e+03 5.785000000000000142e-01 6.799999999999999621e-03 2.119999999999999940e-01 6.161999999999999700e-01 2.457499966111000162e+06 2.731000000000000094e-01
5.955000000000000000e+03 1.360955500000000029e+03 5.844000000000000306e-01 6.799999999999999621e-03 5.351999999999999813e-02 5.867999999999999883e-01 1.346592000000000098e+03 5.782000000000000473e-01 6.799999999999999621e-03 2.069999999999999896e-01 6.141999999999999682e-01 2.457500925160000101e+06 2.575999999999999956e-01
5.956000000000000000e+03 1.360926899999999932e+03 5.845000000000000195e-01 6.799999999999999621e-03 5.306999999999999912e-02 5.868999999999999773e-01 1.345821099999999888e+03 5.779999999999999583e-01 6.799999999999999621e-03 2.086999999999999966e-01 6.145000000000000462e-01 2.457501947488999926e+06 2.545000000000000040e-01
5.957000000000000000e+03 1.360923399999999901e+03 5.845000000000000195e-01 6.799999999999999621e-03 4.388000000000000234e-02 5.862000000000000544e-01 1.345031999999999925e+03 5.776999999999999913e-01 6.799999999999999621e-03 2.028000000000000080e-01 6.122999999999999554e-01 2.457503032105999999e+06 2.994999999999999885e-01
5.958000000000000000e+03 1.361007800000000088e+03 5.846000000000000085e-01 6.799999999999999621e-03 6.315999999999999392e-02 5.879999999999999671e-01 1.344451399999999921e+03 5.774000000000000243e-01 6.799999999999999621e-03 1.749999999999999889e-01 6.034000000000000474e-01 2.457503951807999983e+06 2.842000000000000082e-01
5.959000000000000000e+03 1.361031700000000001e+03 5.846000000000000085e-01 6.799999999999999621e-03 4.948000000000000315e-02 5.866999999999999993e-01 1.343700499999999920e+03 5.770999999999999464e-01 6.799999999999999621e-03 2.013000000000000067e-01 6.111999999999999655e-01 2.457505028657000046e+06 2.584000000000000186e-01
5.960000000000000000e+03 1.360982700000000023e+03 5.845000000000000195e-01 6.799999999999999621e-03 4.415999999999999787e-02 5.862000000000000544e-01 1.342952900000000000e+03 5.767999999999999794e-01 6.799999999999999621e-03 2.038000000000000089e-01 6.117000000000000215e-01 2.457506005834999960e+06 2.773999999999999799e-01
5.961000000000000000e+03 1.360963799999999992e+03 5.845000000000000195e-01 6.799999999999999621e-03 5.936000000000000304e-02 5.875000000000000222e-01 1.342368600000000015e+03 5.765000000000000124e-01 6.799999999999999621e-03 2.250999999999999945e-01 6.189000000000000057e-01 2.457506800406000111e+06 3.225999999999999979e-01
5.962000000000000000e+03 1.361023999999999887e+03 5.846000000000000085e-01 6.799999999999999621e-03 6.930000000000000049e-02 5.887000000000000011e-01 1.341551999999999907e+03 5.762000000000000455e-01 6.799999999999999621e-03 1.763000000000000123e-01 6.026000000000000245e-01 2.457508039202000014e+06 2.771000000000000130e-01
5.963000000000000000e+03 1.360935400000000072e+03 5.845000000000000195e-01 6.799999999999999621e-03 5.924000000000000099e-02 5.875000000000000222e-01 1.340785900000000083e+03 5.758999999999999675e-01 6.799999999999999621e-03 2.379000000000000004e-01 6.230999999999999872e-01 2.457509008063000161e+06 2.954999999999999849e-01
5.964000000000000000e+03 1.360951800000000048e+03 5.845000000000000195e-01 6.799999999999999621e-03 5.754000000000000087e-02 5.874000000000000332e-01 1.340096999999999980e+03 5.756000000000000005e-01 6.799999999999999621e-03 1.811000000000000110e-01 6.034000000000000474e-01 2.457510024325999897e+06 2.999999999999999889e-01
5.965000000000000000e+03 1.361069099999999935e+03 5.846000000000000085e-01 6.799999999999999621e-03 7.832000000000000073e-02 5.897999999999999909e-01 1.339523699999999963e+03 5.753000000000000336e-01 6.799999999999999621e-03 1.585999999999999910e-01 5.967999999999999972e-01 2.457511028291000053e+06 2.916000000000000258e-01
5.966000000000000000e+03 1.361153600000000097e+03 5.846000000000000085e-01 6.799999999999999621e-03 4.834000000000000102e-02 5.866000000000000103e-01 1.338941199999999981e+03 5.750999999999999446e-01 6.799999999999999621e-03 1.940000000000000058e-01 6.068999999999999950e-01 2.457512011388000101e+06 3.099999999999999978e-01
5.967000000000000000e+03 1.361195200000000114e+03 5.846000000000000085e-01 6.799999999999999621e-03 4.075999999999999762e-02 5.860999999999999543e-01 1.338375000000000000e+03 5.747999999999999776e-01 6.799999999999999621e-03 2.064000000000000001e-01 6.108000000000000096e-01 2.457512920291999821e+06 2.898999999999999910e-01
5.968000000000000000e+03 1.361187300000000050e+03 5.847999999999999865e-01 6.799999999999999621e-03 5.102000000000000285e-02 5.869999999999999662e-01 1.337660499999999956e+03 5.746999999999999886e-01 6.799999999999999621e-03 1.887000000000000066e-01 6.048000000000000043e-01 2.457513995856000111e+06 3.012000000000000233e-01
5.969000000000000000e+03 1.361186300000000074e+03 5.847999999999999865e-01 6.799999999999999621e-03 5.199999999999999761e-02 5.870999999999999552e-01 1.337022500000000036e+03 5.744000000000000217e-01 6.799999999999999621e-03 1.754000000000000004e-01 6.006000000000000227e-01 2.457514982586999889e+06 2.620999999999999996e-01
5.970000000000000000e+03 1.361115099999999984e+03 5.846999999999999975e-01 6.799999999999999621e-03 5.743000000000000188e-02 5.875000000000000222e-01 1.336280400000000100e+03 5.741000000000000547e-01 6.799999999999999621e-03 2.185999999999999888e-01 6.142999999999999572e-01 2.457516044205999933e+06 2.864999999999999769e-01
5.971000000000000000e+03 1.361072200000000066e+03 5.846999999999999975e-01 6.799999999999999621e-03 4.834000000000000102e-02 5.866999999999999993e-01 1.335657500000000027e+03 5.737999999999999767e-01 6.799999999999999621e-03 2.091999999999999971e-01 6.107000000000000206e-01 2.457516978947999887e+06 3.269000000000000239e-01
5.972000000000000000e+03 1.360984699999999975e+03 5.846999999999999975e-01 6.799999999999999621e-03 6.478000000000000425e-02 5.883000000000000451e-01 1.334945500000000038e+03 5.735000000000000098e-01 6.799999999999999621e-03 2.394000000000000017e-01 6.215000000000000524e-01 2.457518005522000138e+06 3.352999999999999869e-01
5.973000000000000000e+03 1.360925799999999981e+03 5.846999999999999975e-01 6.799999999999999621e-03 5.369000000000000161e-02 5.870999999999999552e-01 1.334291500000000042e+03 5.732000000000000428e-01 6.799999999999999621e-03 2.081999999999999962e-01 6.098000000000000087e-01 2.457519001362999901e+06 3.252999999999999781e-01
6.159000000000000000e+03 1.360857999999999947e+03 5.867999999999999883e-01 6.799999999999999621e-03 4.157000000000000278e-02 5.883000000000000451e-01 1.389494599999999991e+03 5.991999999999999549e-01 6.799999999999999621e-03 2.212999999999999967e-01 6.387000000000000455e-01 2.457705024292000104e+06 3.487999999999999989e-01
6.160000000000000000e+03 1.360872000000000071e+03 5.867999999999999883e-01 6.799999999999999621e-03 5.090000000000000080e-02 5.889999999999999680e-01 1.390131000000000085e+03 5.994000000000000439e-01 6.799999999999999621e-03 1.985999999999999988e-01 6.314999999999999503e-01 2.457705990960999858e+06 3.105999999999999872e-01
6.161000000000000000e+03 1.360855700000000070e+03 5.867999999999999883e-01 6.799999999999999621e-03 4.653999999999999804e-02 5.886000000000000121e-01 1.390760999999999967e+03 5.997000000000000108e-01 6.799999999999999621e-03 2.109999999999999931e-01 6.357000000000000428e-01 2.457707016024000011e+06 3.120999999999999885e-01
6.162000000000000000e+03 1.360876500000000078e+03 5.867999999999999883e-01 6.799999999999999621e-03 4.501000000000000140e-02 5.885000000000000231e-01 1.391416799999999967e+03 5.999999999999999778e-01 6.799999999999999621e-03 1.796000000000000096e-01 6.262999999999999678e-01 2.457708043916000053e+06 2.970999999999999752e-01
6.163000000000000000e+03 1.360867700000000013e+03 5.867999999999999883e-01 6.799999999999999621e-03 5.086000000000000243e-02 5.889999999999999680e-01 1.391999700000000075e+03 6.001999999999999558e-01 6.799999999999999621e-03 1.577999999999999958e-01 6.206000000000000405e-01 2.457709023678000085e+06 2.740000000000000213e-01
6.164000000000000000e+03 1.360888799999999947e+03 5.867999999999999883e-01 6.799999999999999621e-03 5.022000000000000075e-02 5.889999999999999680e-01 1.392586099999999988e+03 6.005000000000000338e-01 6.799999999999999621e-03 1.776999999999999968e-01 6.261999999999999789e-01 2.457709978718999773e+06 2.773999999999999799e-01
6.165000000000000000e+03 1.360974099999999908e+03 5.868999999999999773e-01 6.799999999999999621e-03 4.648999999999999660e-02 5.887000000000000011e-01 1.393191399999999931e+03 6.007000000000000117e-01 6.799999999999999621e-03 1.393000000000000071e-01 6.167000000000000259e-01 2.457710871956999879e+06 2.513000000000000234e-01
6.166000000000000000e+03 1.360949499999999944e+03 5.869999999999999662e-01 6.799999999999999621e-03 5.489999999999999741e-02 5.895000000000000240e-01 1.393788500000000113e+03 6.010999999999999677e-01 6.799999999999999621e-03 1.819000000000000061e-01 6.280000000000000027e-01 2.457711967523999978e+06 2.654000000000000248e-01
6.167000000000000000e+03 1.360927799999999934e+03 5.869999999999999662e-01 6.799999999999999621e-03 4.691000000000000031e-02 5.887999999999999901e-01 1.394251099999999951e+03 6.012999999999999456e-01 6.799999999999999621e-03 1.262000000000000066e-01 6.143999999999999462e-01 2.457712837795000058e+06 2.326000000000000012e-01
6.168000000000000000e+03 1.360891699999999901e+03 5.869999999999999662e-01 6.799999999999999621e-03 4.830999999999999878e-02 5.888999999999999790e-01 1.394815900000000056e+03 6.016000000000000236e-01 6.799999999999999621e-03 1.378000000000000058e-01 6.171999999999999709e-01 2.457713939094000030e+06 2.706999999999999962e-01
6.169000000000000000e+03 1.360876400000000103e+03 5.868999999999999773e-01 6.799999999999999621e-03 5.099000000000000060e-02 5.891999999999999460e-01 1.395351499999999987e+03 6.018000000000000016e-01 6.799999999999999621e-03 1.519000000000000072e-01 6.207000000000000295e-01 2.457714967848000117e+06 2.731000000000000094e-01
6.170000000000000000e+03 1.360850799999999936e+03 5.868999999999999773e-01 6.799999999999999621e-03 4.544000000000000122e-02 5.887000000000000011e-01 1.395909000000000106e+03 6.020999999999999686e-01 6.799999999999999621e-03 1.617999999999999994e-01 6.233999999999999542e-01 2.457716078174999915e+06 2.827999999999999958e-01
6.171000000000000000e+03 1.360835800000000063e+03 5.868999999999999773e-01 6.799999999999999621e-03 4.211999999999999772e-02 5.884000000000000341e-01 1.396351000000000113e+03 6.021999999999999575e-01 6.799999999999999621e-03 1.535999999999999865e-01 6.215000000000000524e-01 2.457716963026999962e+06 2.882000000000000117e-01
6.173000000000000000e+03 1.360823100000000068e+03 5.868999999999999773e-01 6.799999999999999621e-03 5.462000000000000188e-02 5.895000000000000240e-01 1.397355900000000020e+03 6.027000000000000135e-01 6.799999999999999621e-03 1.390000000000000124e-01 6.185000000000000497e-01 2.457718980198000092e+06 3.134000000000000119e-01
6.174000000000000000e+03 1.360778499999999894e+03 5.868999999999999773e-01 6.799999999999999621e-03 5.988999999999999879e-02 5.899999999999999689e-01 1.397806299999999965e+03 6.028999999999999915e-01 6.799999999999999621e-03 1.358999999999999930e-01 6.179999999999999938e-01 2.457719988067000173e+06 2.952000000000000179e-01
6.175000000000000000e+03 1.360765300000000025e+03 5.868999999999999773e-01 6.799999999999999621e-03 5.158999999999999697e-02 5.891999999999999460e-01 1.398294399999999996e+03 6.030999999999999694e-01 6.799999999999999621e-03 1.509999999999999953e-01 6.217000000000000304e-01 2.457721024259999860e+06 3.064000000000000057e-01
6.176000000000000000e+03 1.360783300000000054e+03 5.868999999999999773e-01 6.799999999999999621e-03 5.949999999999999734e-02 5.898999999999999799e-01 1.398773100000000113e+03 6.032999999999999474e-01 6.799999999999999621e-03 1.502000000000000002e-01 6.217000000000000304e-01 2.457721990507000126e+06 2.969999999999999862e-01
6.177000000000000000e+03 1.360807800000000043e+03 5.868999999999999773e-01 6.799999999999999621e-03 4.803999999999999937e-02 5.888999999999999790e-01 1.399139300000000048e+03 6.034000000000000474e-01 6.799999999999999621e-03 9.339999999999999691e-02 6.106000000000000316e-01 2.457722716390000191e+06 1.531000000000000139e-01
6.178000000000000000e+03 1.360814100000000053e+03 5.980999999999999650e-01 6.799999999999999621e-03 6.809999999999999387e-02 6.018999999999999906e-01 1.399869400000000041e+03 6.151999999999999691e-01 6.799999999999999621e-03 1.068000000000000060e-01 6.243999999999999551e-01 2.457724289261000231e+06 1.184000000000000052e-01
6.179000000000000000e+03 1.360847999999999956e+03 5.980999999999999650e-01 6.799999999999999621e-03 4.776999999999999996e-02 5.999999999999999778e-01 1.400207799999999907e+03 6.153999999999999471e-01 6.799999999999999621e-03 1.262999999999999956e-01 6.281999999999999806e-01 2.457724963738000020e+06 2.242999999999999994e-01
6.181000000000000000e+03 1.360739600000000110e+03 5.979999999999999760e-01 6.799999999999999621e-03 5.539999999999999786e-02 6.006000000000000227e-01 1.401000800000000027e+03 6.157000000000000250e-01 6.799999999999999621e-03 1.577999999999999958e-01 6.356000000000000538e-01 2.457727030116999988e+06 2.824999999999999734e-01
6.182000000000000000e+03 1.360764200000000073e+03 5.981999999999999540e-01 6.799999999999999621e-03 4.911000000000000087e-02 6.001999999999999558e-01 1.401447799999999916e+03 6.160999999999999810e-01 6.799999999999999621e-03 1.373000000000000054e-01 6.311999999999999833e-01 2.457728028127000201e+06 3.086999999999999744e-01
6.183000000000000000e+03 1.360808600000000069e+03 5.981999999999999540e-01 6.799999999999999621e-03 4.309000000000000330e-02 5.997999999999999998e-01 1.401876199999999926e+03 6.162999999999999590e-01 6.799999999999999621e-03 1.255000000000000004e-01 6.289000000000000146e-01 2.457728956693999935e+06 2.906000000000000250e-01
6.184000000000000000e+03 1.360870100000000093e+03 5.981999999999999540e-01 6.799999999999999621e-03 5.111999999999999877e-02 6.004000000000000448e-01 1.402351599999999962e+03 6.165000000000000480e-01 6.799999999999999621e-03 1.350000000000000089e-01 6.310999999999999943e-01 2.457729985888999887e+06 3.064999999999999947e-01
6.185000000000000000e+03 1.360833300000000008e+03 5.981999999999999540e-01 6.799999999999999621e-03 5.004000000000000115e-02 6.002999999999999448e-01 1.402748100000000022e+03 6.166000000000000369e-01 6.799999999999999621e-03 1.024000000000000049e-01 6.250999999999999890e-01 2.457731108911999967e+06 2.908000000000000029e-01
6.186000000000000000e+03 1.360811599999999999e+03 5.981999999999999540e-01 6.799999999999999621e-03 4.021000000000000268e-02 5.996000000000000218e-01 1.403066399999999931e+03 6.168000000000000149e-01 6.799999999999999621e-03 1.152999999999999997e-01 6.274999999999999467e-01 2.457732024040999822e+06 3.312999999999999834e-01
6.703000000000000000e+03 1.360734300000000076e+03 6.044000000000000483e-01 6.799999999999999621e-03 4.710000000000000298e-02 6.062999999999999501e-01 1.334506800000000112e+03 5.927999999999999936e-01 6.799999999999999621e-03 1.733000000000000096e-01 6.176000000000000378e-01 2.458249010879999958e+06 2.632999999999999785e-01
6.704000000000000000e+03 1.360738700000000108e+03 6.044000000000000483e-01 6.799999999999999621e-03 4.746000000000000218e-02 6.062999999999999501e-01 1.333925400000000081e+03 5.925000000000000266e-01 6.799999999999999621e-03 1.565999999999999892e-01 6.129000000000000004e-01 2.458249956577999983e+06 2.263999999999999901e-01
6.705000000000000000e+03 1.360716400000000021e+03 6.044000000000000483e-01 6.799999999999999621e-03 5.807999999999999968e-02 6.071999999999999620e-01 1.333233300000000099e+03 5.921999999999999487e-01 6.799999999999999621e-03 1.832000000000000017e-01 6.199000000000000066e-01 2.458251058290000074e+06 3.042000000000000259e-01
6.706000000000000000e+03 1.360741899999999987e+03 6.046000000000000263e-01 6.799999999999999621e-03 4.859999999999999737e-02 6.065000000000000391e-01 1.332670900000000074e+03 5.920999999999999597e-01 6.799999999999999621e-03 1.791999999999999982e-01 6.186000000000000387e-01 2.458252042317000218e+06 2.949999999999999845e-01
6.707000000000000000e+03 1.360742099999999937e+03 6.046000000000000263e-01 6.799999999999999621e-03 3.928999999999999854e-02 6.058999999999999941e-01 1.332078999999999951e+03 5.917999999999999927e-01 6.799999999999999621e-03 2.053000000000000103e-01 6.263999999999999568e-01 2.458253054812000133e+06 3.327999999999999847e-01
6.708000000000000000e+03 1.360696099999999888e+03 6.046000000000000263e-01 6.799999999999999621e-03 4.708999999999999991e-02 6.064000000000000501e-01 1.331415199999999913e+03 5.915000000000000258e-01 6.799999999999999621e-03 1.554000000000000103e-01 6.116000000000000325e-01 2.458254136520999949e+06 2.831000000000000183e-01
6.709000000000000000e+03 1.360727000000000089e+03 6.046000000000000263e-01 6.799999999999999621e-03 5.079000000000000181e-02 6.067000000000000171e-01 1.330973999999999933e+03 5.914000000000000368e-01 6.799999999999999621e-03 1.998000000000000054e-01 6.241999999999999771e-01 2.458254979296999983e+06 3.300000000000000155e-01
6.710000000000000000e+03 1.360728399999999965e+03 6.046000000000000263e-01 6.799999999999999621e-03 4.689000000000000112e-02 6.064000000000000501e-01 1.330424500000000080e+03 5.910999999999999588e-01 6.799999999999999621e-03 1.537000000000000033e-01 6.108000000000000096e-01 2.458255984838999808e+06 2.807999999999999940e-01
6.711000000000000000e+03 1.360745200000000068e+03 6.046000000000000263e-01 6.799999999999999621e-03 4.991999999999999910e-02 6.066000000000000281e-01 1.329936200000000099e+03 5.908999999999999808e-01 6.799999999999999621e-03 1.449999999999999900e-01 6.084000000000000519e-01 2.458256927811999805e+06 2.817000000000000060e-01
6.712000000000000000e+03 1.360708399999999983e+03 6.046000000000000263e-01 6.799999999999999621e-03 5.480000000000000149e-02 6.069999999999999840e-01 1.329357899999999972e+03 5.906000000000000139e-01 6.799999999999999621e-03 1.557999999999999940e-01 6.108000000000000096e-01 2.458257964600999840e+06 3.118000000000000216e-01
6.713000000000000000e+03 1.360689200000000028e+03 6.046000000000000263e-01 6.799999999999999621e-03 4.336999999999999883e-02 6.060999999999999721e-01 1.328869699999999966e+03 5.904000000000000359e-01 6.799999999999999621e-03 1.603999999999999870e-01 6.118000000000000105e-01 2.458258881878999993e+06 2.866000000000000214e-01
6.714000000000000000e+03 1.360689699999999903e+03 6.046000000000000263e-01 6.799999999999999621e-03 5.081999999999999712e-02 6.067000000000000171e-01 1.328343499999999949e+03 5.901999999999999469e-01 6.799999999999999621e-03 1.353999999999999926e-01 6.055000000000000382e-01 2.458259933337999973e+06 2.746000000000000107e-01
6.715000000000000000e+03 1.360696099999999888e+03 6.046000000000000263e-01 6.799999999999999621e-03 4.685999999999999888e-02 6.064000000000000501e-01 1.327822599999999966e+03 5.899999999999999689e-01 6.799999999999999621e-03 1.555999999999999883e-01 6.100999999999999757e-01 2.458261009209999815e+06 3.245000000000000107e-01
6.716000000000000000e+03 1.360700599999999895e+03 6.046000000000000263e-01 6.799999999999999621e-03 5.759000000000000230e-02 6.072999999999999510e-01 1.327352100000000064e+03 5.897000000000000020e-01 6.799999999999999621e-03 1.540999999999999870e-01 6.095000000000000417e-01 2.458261997514000162e+06 3.115999999999999881e-01
6.717000000000000000e+03 1.360737699999999904e+03 6.047000000000000153e-01 6.799999999999999621e-03 5.519999999999999907e-02 6.071999999999999620e-01 1.326900399999999991e+03 5.897000000000000020e-01 6.799999999999999621e-03 1.166999999999999982e-01 6.010999999999999677e-01 2.458263031202000100e+06 2.601999999999999869e-01
6.718000000000000000e+03 1.360802400000000034e+03 6.047000000000000153e-01 6.799999999999999621e-03 4.891000000000000208e-02 6.067000000000000171e-01 1.326509900000000016e+03 5.895000000000000240e-01 6.799999999999999621e-03 1.242999999999999938e-01 6.025000000000000355e-01 2.458264009699999820e+06 3.014000000000000012e-01
6.719000000000000000e+03 1.360818400000000111e+03 6.047000000000000153e-01 6.799999999999999621e-03 5.167999999999999677e-02 6.069999999999999840e-01 1.326109099999999899e+03 5.893000000000000460e-01 6.799999999999999621e-03 1.315000000000000058e-01 6.038000000000000034e-01 2.458264921628000215e+06 2.562999999999999723e-01
6.720000000000000000e+03 1.360793699999999944e+03 6.047000000000000153e-01 6.799999999999999621e-03 5.056000000000000077e-02 6.068000000000000060e-01 1.325637600000000020e+03 5.890999999999999570e-01 6.799999999999999621e-03 1.531000000000000139e-01 6.087000000000000188e-01 2.458265917040000204e+06 2.797999999999999932e-01
6.721000000000000000e+03 1.360709299999999985e+03 6.047000000000000153e-01 6.799999999999999621e-03 7.635000000000000120e-02 6.095000000000000417e-01 1.325102300000000014e+03 5.888999999999999790e-01 6.799999999999999621e-03 1.683000000000000052e-01 6.125000000000000444e-01 2.458266940884999931e+06 2.545999999999999930e-01
6.722000000000000000e+03 1.360659100000000080e+03 6.047000000000000153e-01 6.799999999999999621e-03 4.673000000000000070e-02 6.065000000000000391e-01 1.324609300000000076e+03 5.887000000000000011e-01 6.799999999999999621e-03 1.300999999999999934e-01 6.028999999999999915e-01 2.458267961581000127e+06 3.049999999999999933e-01
6.723000000000000000e+03 1.360689900000000080e+03 6.047000000000000153e-01 6.799999999999999621e-03 6.388000000000000622e-02 6.080999999999999739e-01 1.324162000000000035e+03 5.885000000000000231e-01 6.799999999999999621e-03 1.549999999999999989e-01 6.085000000000000409e-01 2.458269077767000068e+06 3.039000000000000035e-01
6.724000000000000000e+03 1.360673299999999927e+03 6.047000000000000153e-01 6.799999999999999621e-03 4.426000000000000073e-02 6.062999999999999501e-01 1.323733699999999999e+03 5.883000000000000451e-01 6.799999999999999621e-03 1.179000000000000048e-01 5.999999999999999778e-01 2.458270058985999785e+06 2.524000000000000132e-01
6.725000000000000000e+03 1.360705300000000079e+03 6.047000000000000153e-01 6.799999999999999621e-03 5.036999999999999811e-02 6.068000000000000060e-01 1.323377099999999928e+03 5.880999999999999561e-01 6.799999999999999621e-03 1.010999999999999954e-01 5.967000000000000082e-01 2.458270998676999938e+06 2.914999999999999813e-01
6.726000000000000000e+03 1.360777599999999893e+03 6.047000000000000153e-01 6.799999999999999621e-03 4.918999999999999762e-02 6.067000000000000171e-01 1.323042699999999968e+03 5.879999999999999671e-01 6.799999999999999621e-03 1.217000000000000026e-01 6.004000000000000448e-01 2.458271998244999908e+06 2.929999999999999827e-01
6.727000000000000000e+03 1.360823300000000017e+03 6.047000000000000153e-01 6.799999999999999621e-03 5.172000000000000208e-02 6.069999999999999840e-01 1.322703899999999976e+03 5.877999999999999892e-01 6.799999999999999621e-03 1.257000000000000062e-01 6.010999999999999677e-01 2.458272964809000026e+06 3.135000000000000009e-01
6.728000000000000000e+03 1.360760700000000043e+03 6.048999999999999932e-01 6.799999999999999621e-03 5.498000000000000109e-02 6.074000000000000510e-01 1.322225599999999986e+03 5.877000000000000002e-01 6.799999999999999621e-03 1.189999999999999947e-01 5.996000000000000218e-01 2.458274042564000003e+06 2.730000000000000204e-01
6.729000000000000000e+03 1.360691199999999981e+03 6.048000000000000043e-01 6.799999999999999621e-03 5.222000000000000253e-02 6.070999999999999730e-01 1.321781700000000001e+03 5.875000000000000222e-01 6.799999999999999621e-03 1.433999999999999997e-01 6.048000000000000043e-01 2.458275040231000166e+06 2.954999999999999849e-01
6.730000000000000000e+03 1.360656400000000076e+03 6.048000000000000043e-01 6.799999999999999621e-03 4.519999999999999712e-02 6.065000000000000391e-01 1.321401200000000017e+03 5.874000000000000332e-01 6.799999999999999621e-03 1.108999999999999986e-01 5.977000000000000091e-01 2.458275984548999928e+06 2.957000000000000184e-01
6.731000000000000000e+03 1.360676899999999932e+03 6.048000000000000043e-01 6.799999999999999621e-03 4.152999999999999747e-02 6.061999999999999611e-01 1.321065399999999954e+03 5.872000000000000552e-01 6.799999999999999621e-03 1.277000000000000079e-01 6.008999999999999897e-01 2.458276982154999860e+06 3.260000000000000120e-01
6.732000000000000000e+03 1.360659900000000107e+03 6.048000000000000043e-01 6.799999999999999621e-03 4.737999999999999851e-02 6.067000000000000171e-01 1.320740299999999934e+03 5.870999999999999552e-01 6.799999999999999621e-03 1.198000000000000037e-01 5.991999999999999549e-01 2.458277875347000081e+06 3.178000000000000269e-01
6.733000000000000000e+03 1.360645400000000109e+03 6.048000000000000043e-01 6.799999999999999621e-03 4.141000000000000236e-02 6.061999999999999611e-01 1.320341499999999996e+03 5.868999999999999773e-01 6.799999999999999621e-03 9.489999999999999825e-02 5.945000000000000284e-01 2.458279031845000107e+06 2.872000000000000108e-01
6.828000000000000000e+03 1.360748800000000074e+03 6.060999999999999721e-01 6.799999999999999621e-03 4.386999999999999927e-02 6.077000000000000179e-01 1.343379300000000057e+03 5.983000000000000540e-01 6.799999999999999621e-03 1.761999999999999955e-01 6.238000000000000211e-01 2.458374082231000066e+06 2.497000000000000053e-01
6.829000000000000000e+03 1.360738000000000056e+03 6.060999999999999721e-01 6.799999999999999621e-03 4.653999999999999804e-02 6.078999999999999959e-01 1.344024400000000014e+03 5.986000000000000210e-01 6.799999999999999621e-03 2.594000000000000195e-01 6.523999999999999799e-01 2.458374995504999999e+06 3.371000000000000107e-01
6.830000000000000000e+03 1.360747800000000097e+03 6.060999999999999721e-01 6.799999999999999621e-03 4.954000000000000070e-02 6.080999999999999739e-01 1.344740199999999959e+03 5.988999999999999879e-01 6.799999999999999621e-03 2.212000000000000077e-01 6.384999999999999565e-01 2.458375969146000221e+06 3.184000000000000163e-01
6.831000000000000000e+03 1.360740299999999934e+03 6.060999999999999721e-01 6.799999999999999621e-03 4.426999999999999685e-02 6.077000000000000179e-01 1.345497499999999945e+03 5.993000000000000549e-01 6.799999999999999621e-03 2.223999999999999866e-01 6.391999999999999904e-01 2.458377012964999769e+06 3.174000000000000155e-01
6.832000000000000000e+03 1.360736900000000105e+03 6.060999999999999721e-01 6.799999999999999621e-03 5.852000000000000257e-02 6.088999999999999968e-01 1.346193800000000010e+03 5.996000000000000218e-01 6.799999999999999621e-03 2.051999999999999935e-01 6.337000000000000410e-01 2.458377960241000168e+06 2.972000000000000197e-01
6.833000000000000000e+03 1.360751199999999926e+03 6.061999999999999611e-01 6.799999999999999621e-03 6.711999999999999911e-02 6.098999999999999977e-01 1.346995100000000093e+03 6.000999999999999668e-01 6.799999999999999621e-03 2.336999999999999911e-01 6.440000000000000169e-01 2.458379017982999794e+06 3.412999999999999923e-01
6.834000000000000000e+03 1.360694999999999936e+03 6.061999999999999611e-01 6.799999999999999621e-03 4.871999999999999942e-02 6.080999999999999739e-01 1.347684099999999944e+03 6.004000000000000448e-01 6.799999999999999621e-03 2.944999999999999840e-01 6.686999999999999611e-01 2.458380012482999824e+06 3.936000000000000054e-01
6.835000000000000000e+03 1.360692800000000034e+03 6.061999999999999611e-01 6.799999999999999621e-03 6.568000000000000227e-02 6.097000000000000197e-01 1.348420000000000073e+03 6.007000000000000117e-01 6.799999999999999621e-03 2.301999999999999880e-01 6.432999999999999829e-01 2.458380993919000030e+06 3.451000000000000179e-01
6.836000000000000000e+03 1.360678799999999910e+03 6.061999999999999611e-01 6.799999999999999621e-03 5.036999999999999811e-02 6.082999999999999519e-01 1.349185699999999997e+03 6.010999999999999677e-01 6.799999999999999621e-03 2.038000000000000089e-01 6.347000000000000419e-01 2.458382026322000194e+06 2.998999999999999999e-01
6.837000000000000000e+03 1.360664399999999887e+03 6.061999999999999611e-01 6.799999999999999621e-03 4.478000000000000036e-02 6.078000000000000069e-01 1.349872900000000072e+03 6.014000000000000457e-01 6.799999999999999621e-03 3.091999999999999749e-01 6.762000000000000233e-01 2.458382952705999836e+06 4.038999999999999813e-01
6.838000000000000000e+03 1.360674400000000105e+03 6.061999999999999611e-01 6.799999999999999621e-03 4.830000000000000265e-02 6.080999999999999739e-01 1.350564100000000053e+03 6.017000000000000126e-01 6.799999999999999621e-03 2.474000000000000088e-01 6.505999999999999561e-01 2.458383850866999943e+06 3.492999999999999994e-01
6.839000000000000000e+03 1.360662800000000061e+03 6.061999999999999611e-01 6.799999999999999621e-03 5.621999999999999914e-02 6.088000000000000078e-01 1.351283500000000004e+03 6.019999999999999796e-01 6.799999999999999621e-03 2.157000000000000028e-01 6.394999999999999574e-01 2.458384813310999889e+06 2.901000000000000245e-01
6.840000000000000000e+03 1.360638899999999921e+03 6.061999999999999611e-01 6.799999999999999621e-03 4.098000000000000254e-02 6.075000000000000400e-01 1.352146700000000010e+03 6.024000000000000465e-01 6.799999999999999621e-03 1.285000000000000031e-01 6.159000000000000030e-01 2.458385980713999830e+06 1.754999999999999893e-01
6.841000000000000000e+03 1.360637300000000096e+03 6.061999999999999611e-01 6.799999999999999621e-03 4.608999999999999903e-02 6.078999999999999959e-01 1.352966300000000047e+03 6.027000000000000135e-01 6.799999999999999621e-03 2.374999999999999889e-01 6.479000000000000314e-01 2.458387061646999791e+06 2.957000000000000184e-01
6.842000000000000000e+03 1.360654600000000073e+03 6.061999999999999611e-01 6.799999999999999621e-03 3.984999999999999654e-02 6.075000000000000400e-01 1.353740299999999934e+03 6.030999999999999694e-01 6.799999999999999621e-03 2.242000000000000104e-01 6.433999999999999719e-01 2.458388058373999782e+06 2.944999999999999840e-01
6.843000000000000000e+03 1.360659100000000080e+03 6.062999999999999501e-01 6.799999999999999621e-03 5.056999999999999690e-02 6.084000000000000519e-01 1.354591300000000047e+03 6.036000000000000254e-01 6.799999999999999621e-03 1.807999999999999885e-01 6.300999999999999934e-01 2.458389174077999778e+06 2.240999999999999936e-01
6.848000000000000000e+03 1.360718900000000076e+03 6.062999999999999501e-01 6.799999999999999621e-03 4.834999999999999715e-02 6.082999999999999519e-01 1.358268199999999979e+03 6.051999999999999602e-01 6.799999999999999621e-03 2.416000000000000092e-01 6.516999999999999460e-01 2.458393944827000145e+06 3.180000000000000049e-01
6.849000000000000000e+03 1.360712899999999991e+03 6.062999999999999501e-01 6.799999999999999621e-03 5.084999999999999937e-02 6.085000000000000409e-01 1.358995599999999968e+03 6.056000000000000272e-01 6.799999999999999621e-03 2.713999999999999746e-01 6.635999999999999677e-01 2.458394909078999888e+06 3.377000000000000002e-01
6.850000000000000000e+03 1.360735599999999977e+03 6.062999999999999501e-01 6.799999999999999621e-03 5.032999999999999974e-02 6.084000000000000519e-01 1.359842399999999998e+03 6.058999999999999941e-01 6.799999999999999621e-03 2.556999999999999829e-01 6.576999999999999513e-01 2.458395988940000068e+06 3.477000000000000091e-01
6.851000000000000000e+03 1.360724600000000009e+03 6.062999999999999501e-01 6.799999999999999621e-03 7.213999999999999579e-02 6.106000000000000316e-01 1.360679300000000012e+03 6.062999999999999501e-01 6.799999999999999621e-03 2.639000000000000234e-01 6.612999999999999989e-01 2.458397095238000154e+06 3.064000000000000057e-01
6.852000000000000000e+03 1.360731500000000096e+03 6.062999999999999501e-01 6.799999999999999621e-03 3.950000000000000039e-02 6.076000000000000290e-01 1.361445999999999913e+03 6.067000000000000171e-01 6.799999999999999621e-03 2.217000000000000082e-01 6.459000000000000297e-01 2.458398081652000081e+06 2.999999999999999889e-01
6.853000000000000000e+03 1.360719100000000026e+03 6.065000000000000391e-01 6.799999999999999621e-03 7.191000000000000170e-02 6.107000000000000206e-01 1.362179300000000012e+03 6.070999999999999730e-01 6.799999999999999621e-03 2.647999999999999798e-01 6.623999999999999888e-01 2.458399044613999780e+06 3.148000000000000242e-01
6.854000000000000000e+03 1.360715599999999995e+03 6.065000000000000391e-01 6.799999999999999621e-03 4.325999999999999984e-02 6.079999999999999849e-01 1.362923900000000003e+03 6.075000000000000400e-01 6.799999999999999621e-03 2.192000000000000060e-01 6.458000000000000407e-01 2.458400005634000059e+06 3.062000000000000277e-01
6.855000000000000000e+03 1.360674800000000005e+03 6.065000000000000391e-01 6.799999999999999621e-03 5.763000000000000067e-02 6.091999999999999638e-01 1.363755699999999933e+03 6.078000000000000069e-01 6.799999999999999621e-03 1.749999999999999889e-01 6.324999999999999512e-01 2.458401120337000117e+06 2.511999999999999789e-01
6.856000000000000000e+03 1.360686699999999973e+03 6.065000000000000391e-01 6.799999999999999621e-03 5.677999999999999714e-02 6.090999999999999748e-01 1.364482899999999972e+03 6.081999999999999629e-01 6.799999999999999621e-03 2.157999999999999918e-01 6.452999999999999847e-01 2.458402029112999793e+06 2.872000000000000108e-01
6.857000000000000000e+03 1.360719299999999976e+03 6.065000000000000391e-01 6.799999999999999621e-03 5.969000000000000000e-02 6.094000000000000528e-01 1.365334100000000035e+03 6.085000000000000409e-01 6.799999999999999621e-03 2.731999999999999984e-01 6.670000000000000373e-01 2.458403064795000013e+06 3.042000000000000259e-01
6.858000000000000000e+03 1.360755900000000111e+03 6.065000000000000391e-01 6.799999999999999621e-03 5.029999999999999749e-02 6.086000000000000298e-01 1.366216200000000072e+03 6.088999999999999968e-01 6.799999999999999621e-03 2.184000000000000108e-01 6.469000000000000306e-01 2.458404130472999997e+06 2.893000000000000016e-01
6.859000000000000000e+03 1.360771700000000010e+03 6.065000000000000391e-01 6.799999999999999621e-03 5.841999999999999971e-02 6.092999999999999527e-01 1.367093699999999899e+03 6.092999999999999527e-01 6.799999999999999621e-03 1.766000000000000070e-01 6.343999999999999639e-01 2.458405213694999926e+06 2.215000000000000024e-01
6.860000000000000000e+03 1.360746499999999969e+03 6.065000000000000391e-01 6.799999999999999621e-03 4.775999999999999690e-02 6.084000000000000519e-01 1.367721199999999953e+03 6.096000000000000307e-01 6.799999999999999621e-03 2.419999999999999929e-01 6.559000000000000385e-01 2.458406033449000213e+06 3.215000000000000080e-01
6.861000000000000000e+03 1.360730199999999968e+03 6.065000000000000391e-01 6.799999999999999621e-03 3.776000000000000190e-02 6.077000000000000179e-01 1.368348700000000008e+03 6.098999999999999977e-01 6.799999999999999621e-03 2.043999999999999984e-01 6.431999999999999940e-01 2.458406841678999830e+06 2.706999999999999962e-01
6.862000000000000000e+03 1.360667200000000093e+03 6.064000000000000501e-01 6.799999999999999621e-03 4.494999999999999690e-02 6.080999999999999739e-01 1.369229100000000017e+03 6.102999999999999536e-01 6.799999999999999621e-03 1.663999999999999924e-01 6.324999999999999512e-01 2.458408027106999885e+06 1.776999999999999968e-01
7.305000000000000000e+03 1.360655700000000024e+03 6.075000000000000400e-01 6.799999999999999621e-03 5.820999999999999786e-02 6.102999999999999536e-01 1.407371699999999919e+03 6.283999999999999586e-01 6.799999999999999621e-03 5.673000000000000265e-02 6.309000000000000163e-01 2.458851150227999780e+06 2.338999999999999968e-01
7.309000000000000000e+03 1.360625800000000027e+03 6.075000000000000400e-01 6.799999999999999621e-03 4.896999999999999964e-02 6.095000000000000417e-01 1.407383499999999913e+03 6.283999999999999586e-01 6.799999999999999621e-03 4.689000000000000112e-02 6.300999999999999934e-01 2.458855028303000145e+06 3.544999999999999818e-01
7.310000000000000000e+03 1.360691700000000083e+03 6.075000000000000400e-01 6.799999999999999621e-03 5.716999999999999860e-02 6.101999999999999647e-01 1.407421199999999999e+03 6.283999999999999586e-01 6.799999999999999621e-03 5.849000000000000032e-02 6.310999999999999943e-01 2.458856081673000008e+06 3.166999999999999815e-01
7.311000000000000000e+03 1.360738100000000031e+03 6.076000000000000290e-01 6.799999999999999621e-03 4.390999999999999764e-02 6.091999999999999638e-01 1.407429799999999886e+03 6.283999999999999586e-01 6.799999999999999621e-03 4.529999999999999999e-02 6.300000000000000044e-01 2.458856941345999949e+06 3.154000000000000137e-01
7.313000000000000000e+03 1.360742899999999963e+03 6.076000000000000290e-01 6.799999999999999621e-03 4.929999999999999660e-02 6.096000000000000307e-01 1.407290999999999940e+03 6.283999999999999586e-01 6.799999999999999621e-03 5.920999999999999874e-02 6.310999999999999943e-01 2.458858939098000061e+06 2.948999999999999955e-01
7.314000000000000000e+03 1.360732799999999997e+03 6.076000000000000290e-01 6.799999999999999621e-03 5.151000000000000023e-02 6.097000000000000197e-01 1.407178699999999935e+03 6.282999999999999696e-01 6.799999999999999621e-03 7.492000000000000048e-02 6.328000000000000291e-01 2.458859955335000064e+06 3.025999999999999801e-01
7.312000000000000000e+03 1.360766800000000103e+03 6.076000000000000290e-01 6.799999999999999621e-03 4.173999999999999932e-02 6.089999999999999858e-01 1.407396300000000110e+03 6.283999999999999586e-01 6.799999999999999621e-03 5.575000000000000094e-02 6.309000000000000163e-01 2.458857948919999879e+06 2.977000000000000202e-01
7.283000000000000000e+03 1.360681599999999889e+03 6.075000000000000400e-01 6.799999999999999621e-03 5.022000000000000075e-02 6.096000000000000307e-01 1.403460399999999936e+03 6.266000000000000458e-01 6.799999999999999621e-03 1.100000000000000006e-01 6.361999999999999877e-01 2.458829016894999892e+06 3.514999999999999791e-01
7.284000000000000000e+03 1.360636500000000069e+03 6.075000000000000400e-01 6.799999999999999621e-03 4.669000000000000233e-02 6.092999999999999527e-01 1.403752400000000080e+03 6.268000000000000238e-01 6.799999999999999621e-03 1.187000000000000000e-01 6.379000000000000226e-01 2.458830044559000060e+06 3.337999999999999856e-01
7.285000000000000000e+03 1.360663800000000037e+03 6.075000000000000400e-01 6.799999999999999621e-03 5.285000000000000114e-02 6.098000000000000087e-01 1.404072799999999916e+03 6.269000000000000128e-01 6.799999999999999621e-03 1.269000000000000128e-01 6.395999999999999464e-01 2.458830980068999808e+06 3.094999999999999973e-01
7.286000000000000000e+03 1.360691100000000006e+03 6.075000000000000400e-01 6.799999999999999621e-03 5.097999999999999754e-02 6.097000000000000197e-01 1.404399799999999914e+03 6.270999999999999908e-01 6.799999999999999621e-03 8.437000000000000055e-02 6.327000000000000401e-01 2.458831991808000021e+06 3.014000000000000012e-01
7.287000000000000000e+03 1.360695999999999913e+03 6.076000000000000290e-01 6.799999999999999621e-03 4.771999999999999853e-02 6.094000000000000528e-01 1.404696200000000090e+03 6.271999999999999797e-01 6.799999999999999621e-03 1.076000000000000012e-01 6.363999999999999657e-01 2.458833041315000039e+06 3.149000000000000132e-01
7.288000000000000000e+03 1.360673500000000104e+03 6.075000000000000400e-01 6.799999999999999621e-03 5.018000000000000238e-02 6.096000000000000307e-01 1.404943700000000035e+03 6.272999999999999687e-01 6.799999999999999621e-03 8.311999999999999944e-02 6.328000000000000291e-01 2.458834082607999910e+06 3.023000000000000131e-01
7.289000000000000000e+03 1.360664399999999887e+03 6.075000000000000400e-01 6.799999999999999621e-03 4.700000000000000011e-02 6.094000000000000528e-01 1.405158500000000004e+03 6.273999999999999577e-01 6.799999999999999621e-03 6.827999999999999348e-02 6.310999999999999943e-01 2.458835000671000220e+06 2.987000000000000210e-01
7.290000000000000000e+03 1.360675999999999931e+03 6.075000000000000400e-01 6.799999999999999621e-03 5.695000000000000062e-02 6.101999999999999647e-01 1.405398599999999988e+03 6.274999999999999467e-01 6.799999999999999621e-03 1.004000000000000031e-01 6.354999999999999538e-01 2.458835995201000012e+06 3.226999999999999869e-01
7.291000000000000000e+03 1.360643000000000029e+03 6.075000000000000400e-01 6.799999999999999621e-03 5.351999999999999813e-02 6.098999999999999977e-01 1.405567199999999957e+03 6.276000000000000467e-01 6.799999999999999621e-03 8.827999999999999736e-02 6.338000000000000300e-01 2.458836936674000230e+06 3.084999999999999964e-01
7.292000000000000000e+03 1.360636299999999892e+03 6.075000000000000400e-01 6.799999999999999621e-03 4.216000000000000303e-02 6.089999999999999858e-01 1.405765499999999975e+03 6.277000000000000357e-01 6.799999999999999621e-03 8.995000000000000218e-02 6.340999999999999970e-01 2.458837954088999890e+06 3.300000000000000155e-01
7.293000000000000000e+03 1.360666999999999916e+03 6.075000000000000400e-01 6.799999999999999621e-03 4.009999999999999676e-02 6.088999999999999968e-01 1.405997800000000097e+03 6.278000000000000247e-01 6.799999999999999621e-03 7.882999999999999730e-02 6.327000000000000401e-01 2.458839019042000175e+06 3.244000000000000217e-01
7.294000000000000000e+03 1.360640200000000050e+03 6.075000000000000400e-01 6.799999999999999621e-03 5.741999999999999882e-02 6.101999999999999647e-01 1.406176300000000083e+03 6.279000000000000137e-01 6.799999999999999621e-03 7.324999999999999567e-02 6.320999999999999952e-01 2.458840197687000036e+06 2.837000000000000077e-01
7.295000000000000000e+03 1.360660100000000057e+03 6.075000000000000400e-01 6.799999999999999621e-03 4.789999999999999813e-02 6.094000000000000528e-01 1.406358199999999897e+03 6.279000000000000137e-01 6.799999999999999621e-03 5.528999999999999887e-02 6.303999999999999604e-01 2.458841189385999925e+06 2.195000000000000007e-01
7.296000000000000000e+03 1.360634900000000016e+03 6.075000000000000400e-01 6.799999999999999621e-03 4.318999999999999923e-02 6.090999999999999748e-01 1.406493300000000090e+03 6.280000000000000027e-01 6.799999999999999621e-03 4.911000000000000087e-02 6.299000000000000155e-01 2.458842252104000188e+06 2.107999999999999874e-01
7.297000000000000000e+03 1.360634600000000091e+03 6.075000000000000400e-01 6.799999999999999621e-03 5.127000000000000307e-02 6.097000000000000197e-01 1.406605800000000045e+03 6.280000000000000027e-01 6.799999999999999621e-03 9.273000000000000687e-02 6.349000000000000199e-01 2.458843051609000191e+06 3.604999999999999871e-01
7.318000000000000000e+03 1.360668300000000045e+03 6.075000000000000400e-01 6.799999999999999621e-03 5.206000000000000211e-02 6.098000000000000087e-01 1.406522400000000061e+03 6.280000000000000027e-01 6.799999999999999621e-03 7.413000000000000145e-02 6.323999999999999622e-01 2.458863977812000085e+06 2.848999999999999866e-01
7.116000000000000000e+03 1.360631699999999910e+03 6.075000000000000400e-01 6.799999999999999621e-03 6.608999999999999597e-02 6.110999999999999766e-01 1.316626800000000003e+03 5.878999999999999782e-01 6.799999999999999621e-03 6.165000000000000341e-02 5.910999999999999588e-01 2.458661772650000174e+06 1.713999999999999968e-01
7.117000000000000000e+03 0.000000000000000000e+00 0.000000000000000000e+00 0.000000000000000000e+00 0.000000000000000000e+00 0.000000000000000000e+00 0.000000000000000000e+00 0.000000000000000000e+00 0.000000000000000000e+00 0.000000000000000000e+00 0.000000000000000000e+00 2.458663000000000000e+06 0.000000000000000000e+00
7.118000000000000000e+03 1.360699900000000071e+03 6.076000000000000290e-01 6.799999999999999621e-03 4.664999999999999702e-02 6.092999999999999527e-01 1.316473799999999983e+03 5.877999999999999892e-01 6.799999999999999621e-03 5.031999999999999668e-02 5.899999999999999689e-01 2.458663884763000067e+06 2.451000000000000123e-01
7.119000000000000000e+03 1.360744099999999889e+03 6.076000000000000290e-01 6.799999999999999621e-03 5.476000000000000312e-02 6.099999999999999867e-01 1.316436300000000074e+03 5.877999999999999892e-01 6.799999999999999621e-03 5.260000000000000092e-02 5.900999999999999579e-01 2.458664876778999809e+06 2.802999999999999936e-01
7.120000000000000000e+03 1.360803799999999910e+03 6.076000000000000290e-01 6.799999999999999621e-03 4.587000000000000105e-02 6.092999999999999527e-01 1.316415199999999913e+03 5.877999999999999892e-01 6.799999999999999621e-03 4.198000000000000342e-02 5.893000000000000460e-01 2.458666120289999992e+06 3.234000000000000208e-01
7.121000000000000000e+03 1.360773400000000038e+03 6.076000000000000290e-01 6.799999999999999621e-03 4.347000000000000169e-02 6.090999999999999748e-01 1.316345199999999977e+03 5.877000000000000002e-01 6.799999999999999621e-03 4.784000000000000058e-02 5.897000000000000020e-01 2.458666987962000072e+06 3.054000000000000048e-01
